[[1243, False, 0.0001, 1104, 10.3768315827474], [1243, False, 1e-05, 2005, 18.066077664494514], [1243, False, 1e-06, 10081, 84.9541965322569], [1243, False, 1e-07, 22707, 183.9792405627668], [1243, False, 8.716231269069555e-08, 25000, 201.82865710090846]]
[[1243, False, 0.0001, 1635, 13.984037949703634], [1243, False, 1e-05, 2810, 23.746482333168387], [1243, False, 1e-06, 9834, 79.11871251929551], [1243, False, 1.477910428963399e-07, 25000, 197.13251361902803]]
[[1243, False, 0.0001, 658, 6.1470097890123725], [1243, False, 1e-05, 2244, 18.929509988985956], [1243, False, 1e-06, 10279, 82.08839955646545], [1243, False, 1.0458517165869981e-07, 25000, 196.85333229321986]]
[[1243, False, 0.0001, 785, 7.0228519923985], [1243, False, 1e-05, 2405, 19.98034560587257], [1243, False, 1e-06, 11476, 91.35760633647442], [1243, False, 1e-07, 21323, 168.40235592611134], [1243, False, 8.453514698591313e-08, 25000, 196.94493362121284]]
[[1243, False, 0.0001, 1759, 14.892805008217692], [1243, False, 1e-05, 4305, 35.28796470630914], [1243, False, 1e-06, 13972, 110.95833248924464], [1243, False, 2.1657443819241464e-07, 25000, 196.83385039959103]]
[[1243, False, 0.0001, 1298, 11.21823476627469], [1243, False, 1e-05, 3881, 31.749454299919307], [1243, False, 1e-06, 20493, 161.53685326687992], [1243, False, 7.318125624005352e-07, 25000, 196.59929328691214]]
[[1243, False, 0.0001, 646, 6.027369651012123], [1243, False, 1e-05, 1678, 14.379612400196493], [1243, False, 1e-06, 8625, 69.13831812515855], [1243, False, 1e-07, 23658, 186.51996828056872], [1243, False, 8.535991497877469e-08, 25000, 196.9516555313021]]
[[1243, False, 0.0001, 537, 4.933787126094103], [1243, False, 1e-05, 2350, 19.46562492195517], [1243, False, 1e-06, 12647, 99.9659089287743], [1243, False, 1.0207737413124412e-07, 25000, 196.52878839615732]]
[[1243, False, 0.0001, 437, 4.246665459126234], [1243, False, 1e-05, 1632, 13.793515600264072], [1243, False, 1e-06, 6745, 54.052202734164894], [1243, False, 1.0912963908057418e-07, 25000, 196.01521472632885]]
[[1243, False, 0.0001, 810, 7.2926072254776955], [1243, False, 1e-05, 2293, 19.240539280697703], [1243, False, 1e-06, 9750, 77.75801009684801], [1243, False, 1.1115141712290715e-07, 25000, 196.528580785729]]
[[2299, False, 0.0001, 372, 4.021130348555744], [2299, False, 1e-05, 920, 9.086489486508071], [2299, False, 1e-06, 6317, 55.75983375683427], [2299, False, 1e-07, 20901, 179.91170112695545], [2299, False, 7.31374668328692e-08, 25000, 214.61623735632747]]
[[2299, False, 0.0001, 769, 7.614069152623415], [2299, False, 1e-05, 1638, 15.432793973013759], [2299, False, 1e-06, 8651, 75.88472504261881], [2299, False, 1e-07, 24259, 208.3422721317038], [2299, False, 9.878773525472356e-08, 25000, 214.6053408542648]]
[[2299, False, 0.0001, 376, 4.047638512216508], [2299, False, 1e-05, 1250, 11.964655191637576], [2299, False, 1e-06, 14233, 122.64852411672473], [2299, False, 1e-07, 24559, 210.66464134212583], [2299, False, 9.440101178647426e-08, 25000, 214.3994710026309]]
[[2299, False, 0.0001, 313, 3.6095173954963684], [2299, False, 1e-05, 1083, 10.560823433101177], [2299, False, 1e-06, 9729, 84.49841648340225], [2299, False, 1e-07, 16750, 144.34388805553317], [2299, False, 6.009110304237136e-08, 25000, 214.16000809706748]]
[[2299, False, 0.0001, 674, 7.441290119662881], [2299, False, 1e-05, 1753, 17.566320832818747], [2299, False, 1e-06, 10063, 92.49925544206053], [2299, False, 1e-07, 24249, 218.86279168073088], [2299, False, 9.524218884269814e-08, 25000, 215.57952608633786]]
[[2299, False, 0.0001, 379, 4.148952664807439], [2299, False, 1e-05, 1566, 14.646064800210297], [2299, False, 1e-06, 10950, 94.34355157800019], [2299, False, 1e-07, 24466, 209.07311464566737], [2299, False, 9.765032498430812e-08, 25000, 213.61307525541633]]
[[2299, False, 0.0001, 325, 3.794264524243772], [2299, False, 1e-05, 1116, 10.853305428288877], [2299, False, 1e-06, 7639, 67.09084086120129], [2299, False, 1e-07, 22142, 190.96159909386188], [2299, False, 8.39048976777819e-08, 25000, 215.19637967087328]]
[[2299, False, 0.0001, 1451, 13.657356709241867], [2299, False, 1e-05, 2296, 21.39860850200057], [2299, False, 1e-06, 11189, 97.6586162308231], [2299, False, 1e-07, 23814, 205.17979190219194], [2299, False, 9.915916141186995e-08, 25000, 215.23809705674648]]
[[2299, False, 0.0001, 541, 6.11068821977824], [2299, False, 1e-05, 1724, 16.754380979575217], [2299, False, 1e-06, 10583, 93.22246535401791], [2299, False, 1e-07, 18174, 158.44368378818035], [2299, False, 5.430853575200605e-08, 25000, 216.60057698190212]]
[[2299, False, 0.0001, 870, 8.440880572423339], [2299, False, 1e-05, 1672, 15.822523879818618], [2299, False, 1e-06, 5774, 51.47805260308087], [2299, False, 1e-07, 24337, 211.00517917517573], [2299, False, 8.222265113392775e-08, 25000, 216.7052329517901]]
[[5435, False, 0.0001, 823, 9.074259558692575], [5435, False, 1e-05, 2401, 24.41864102613181], [5435, False, 1e-06, 13716, 129.71008310001343], [5435, False, 1e-07, 24343, 228.17421358264983], [5435, False, 8.489787382040853e-08, 25000, 234.28074443526566]]
[[5435, False, 0.0001, 644, 7.0333116222172976], [5435, False, 1e-05, 1812, 18.430861270986497], [5435, False, 1e-06, 7045, 67.50254190340638], [5435, False, 1e-07, 19653, 183.8716774303466], [5435, False, 6.729203179416702e-08, 25000, 233.1893748762086]]
[[5435, False, 0.0001, 361, 4.478697137907147], [5435, False, 1e-05, 790, 8.799009845592082], [5435, False, 1e-06, 10230, 96.67769701499492], [5435, False, 1e-07, 16012, 150.53072096873075], [5435, False, 3.937022921957918e-08, 25000, 233.0620522480458]]
[[5435, False, 0.0001, 283, 3.540785638615489], [5435, False, 1e-05, 685, 7.700621409341693], [5435, False, 1e-06, 8155, 77.35435555223376], [5435, False, 1e-07, 19564, 182.1972623867914], [5435, False, 5.688162072620721e-08, 25000, 232.0251929871738]]
[[5435, False, 0.0001, 310, 3.9393308889120817], [5435, False, 1e-05, 597, 6.927739230915904], [5435, False, 1e-06, 5359, 51.53865933138877], [5435, False, 1e-07, 13492, 127.07920860685408], [5435, False, 4.3045349907377985e-08, 25000, 233.5907698329538]]
[[5435, False, 0.0001, 444, 5.333563351072371], [5435, False, 1e-05, 1380, 14.432121711783111], [5435, False, 1e-06, 10065, 95.49804375506938], [5435, False, 1e-07, 16248, 153.06931883841753], [5435, False, 3.697245828852594e-08, 25000, 233.83792873192579]]
[[5435, False, 0.0001, 318, 3.7272509215399623], [5435, False, 1e-05, 1151, 11.916109022684395], [5435, False, 1e-06, 9330, 87.8989490987733], [5435, False, 1e-07, 18913, 176.930344668217], [5435, False, 5.1803210205860126e-08, 25000, 233.11860184557736]]
[[5435, False, 0.0001, 228, 2.98183683026582], [5435, False, 1e-05, 744, 8.309695487841964], [5435, False, 1e-06, 6285, 60.28426726534963], [5435, False, 1e-07, 15150, 142.4852067725733], [5435, False, 4.798860243448101e-08, 25000, 233.27649541385472]]
[[5435, False, 0.0001, 390, 4.660526413470507], [5435, False, 1e-05, 920, 9.87728628423065], [5435, False, 1e-06, 9578, 90.30116262286901], [5435, False, 1e-07, 20933, 195.0762731032446], [5435, False, 5.727273661653576e-08, 25000, 232.51355875097215]]
[[5435, False, 0.0001, 281, 3.5634728521108627], [5435, False, 1e-05, 833, 9.091317242011428], [5435, False, 1e-06, 7043, 66.75289560109377], [5435, False, 1e-07, 21798, 202.84854635130614], [5435, False, 6.514679217593668e-08, 25000, 232.31856974214315]]
